888188] 181 1188181 8888111811.

818. 1111181181 8881811 11111 1118118818.

811. 18181111181111 811 111181 11811 111 81811118.

,8181181 1818. 88181111Μ1111118 8181111118, all 11811 except
Ρ81118888.

818. 8811811818111 111811111111881811181111 881181. 1111181111
1811 laudea ,⁰ 118 English 81181 8881 118 1188811881 where 111118 8888 118
pertentaturum 1818181111 1811188111 8111181881 181 1 A„ 8 fl. 8811 B.
881, 1; Η. 118, 1. 1.

888. 1811811111 (1188118118.

88111181111118111818111, 888 811 81111. 1181 Η. 88. Themis 1181
1183818888 81 J 181188. 8118111 188118111818118811118118886,

11881 Delphi 1188 8118111118 1111818 81 118 8881 81 118 818818 81 Apollo.

888.11181118111,1)818811881181118 8188888888118811141111.
8171 H. 417. 188811 8118111881 8111 Δ. 1 (1.1118,Ι b,- 118111, 1, 8,·
Η. 8811, 11.

888. metuentior 18818811 mpod-feam, 11818 18881811.

·881. 81 11181111 11131111111811181811881111811 181811 Jupiter 8818118
88111 8888181118111 8188118111 188181.

88118181118188111118111818818111111818 1881888 181111881811181
111. 8818188 88811188881118111111181818 888.

881. 18188881 1111811 11 118 1188188 81818181111181 111881111181188
8188111881 181181118 1188881118 18 used to 118118811818811111811188

1811 88888118 referred 18. ’ 88118111 8881111111 188181111181881 divin·
8881111111 8188111818881111 11181111 18111-81881181881818181818,
111818 818111 = rain. 188118181 11118881 o! 118118111181188.
888. 18118111 888888111811831111, (1188118111.
8881811188111118811118 1818181111 1811118 aido 118 three-promi 88881.
881. 18118888...18818811 88181188 with 11118811 and 8181111118 ,18111

81818118 deep 8111 1881118 118 8181111818 88181811 18111 1181188 mpla-stab ;
118 1181 31811 81 (188118)1111181111818 0811181188. 81 11888881, 888
118,ι;1.88.118,8,·1.188;11.118. ’

888. 11811811 tho 118188 was 1 kind 81 88811111118 to 118 881, from
which 118111111811118181 118 purple (118.

888. 8111881 1 Triton 818 1188 81 1181118881 the 18111 18 Greek. 881·
8118 18188111811111181 18 1181181811 118 18818118818111 118 Datim 11
due 18 1118 8811888111 with ¹¹3 118 Abl. 81 1181181881 would 8188 18 888
niblo.

881. (11111881111 1181811818 1111111881, 118 81811. 11111 1181118 81
Agant 3 poetieally 88811 with 118 Ρ18881118188.

“ 888111111111111118811 18 18118811. 1111111111 11181 11811111
1811811 1811111188, 118 8118111181 put, 11 118 mouth. ἵ

881. 11111 888881111881818111,(11881181181 1111 18181, 18 mis·
81181811111118111181 11 should 81888118, 88888811. -.

888. 181 utroquo 818818 1 8111181 8881 81111, tho rislng 81111 118 8811181.

 

